# D|espnEventId|homeSpread|overUnder|homeML|awayML|homeSpreadOdds|awaySpreadOdds|overOdds|underOdds  (sports.core.api.espn.com …/events/{id}/competitions/{id}/odds/100 = DraftKings; league nfl; pulled 2026-10-08 via Chrome; join to the slate file on event id)
D|401872980|-8.5|47.5|-470|360|-115|-105|-115|-105
D|401872981|-7|42.5|-355|280|-115|-105|-105|-115
D|401872990|2.5|45.5|114|-135|-110|-110|-112|-108
D|401872984|7.5|37.5|310|-395|-110|-110|-108|-112
D|401872982|6.5|42.5|260|-325|-105|-115|-110|-110
D|401872986|-3.5|45.5|-198|164|-112|-108|-105|-115
D|401872987|1.5|42.5|110|-130|-105|-115|-108|-112
D|401872983|-1.5|39.5|-125|105|-115|-105|-118|-102
D|401872985|-2.5|44.5|-148|124|-115|-105|-112|-108
D|401872988|-3.5|42.5|-175|145|-108|-112|-110|-110
D|401872989|3.5|41.5|154|-185|-110|-110|-115|-105
D|401872991|5.5|54.5|205|-250|-110|-110|-115|-105
D|401872992|-2.5|45.5|-155|130|-122|102|-115|-105
D|401872993|-3.5|43.5|-170|142|-105|-115|-115|-105
D|401872994|-3|54.5|-162|136|-105|-115|-118|-102
