# D|espnEventId|homeSpread|overUnder|homeML|awayML|homeSpreadOdds|awaySpreadOdds|overOdds|underOdds|league  (ESPN core odds provider 100 = DraftKings; pulled 2026-10-09)
D|401872980|-8.5|49.5|-500|380|-118.0|-102.0|-110.0|-110.0|nfl
D|401872981|-7.5|41.5|-395|310|-108.0|-112.0|-112.0|-108.0|nfl
D|401872990|1.5|45.5|100|-120|-110.0|-110.0|-118.0|-102.0|nfl
D|401872984|7.5|37.5|330|-425|-115.0|-105.0|-115.0|-105.0|nfl
D|401872982|6.5|43.5|260|-325|100.0|-120.0|-105.0|-115.0|nfl
D|401872986|-3.5|45.5|-198|164|-110.0|-110.0|-105.0|-115.0|nfl
D|401872987|2.5|41.5|120|-142|-112.0|-108.0|-112.0|-108.0|nfl
D|401872983|-2.5|39.5|-135|114|-110.0|-110.0|-112.0|-108.0|nfl
D|401872985|-2.5|43.5|-148|124|-118.0|-102.0|-115.0|-105.0|nfl
D|401872988|-4.5|41.5|-192|160|-105.0|-115.0|-115.0|-105.0|nfl
D|401872989|3.5|41.5|150|-180|-118.0|-102.0|-115.0|-105.0|nfl
D|401872991|5.5|54.5|210|-258|-110.0|-110.0|-115.0|-105.0|nfl
D|401872992|-3.0|45.5|-162|136|-110.0|-110.0|-115.0|-105.0|nfl
D|401872993|-3.0|43.5|-175|145|-120.0|100.0|-115.0|-105.0|nfl
D|401872994|-3.0|54.5|-175|145|-120.0|100.0|-118.0|-102.0|nfl
D|401871051|3.0|48.5|124|-148|-115.0|-105.0|-115.0|-105.0|cfb
D|401871066|-7.0|46.5|-265|215|-108.0|-112.0|-115.0|-105.0|cfb
D|401870766|-13.5|52.5|-575|425|-110.0|-110.0|-108.0|-112.0|cfb
D|401871052|1.5|56.5|-102|-118|-112.0|-108.0|-108.0|-112.0|cfb
D|401862794|-5.5|49.5|-230|190|-110.0|-110.0|-112.0|-108.0|cfb
D|401869933|-3.0|60.5|-162|136|-115.0|-105.0|-108.0|-112.0|cfb
D|401858254|-4.0|59.5|-185|154|-110.0|-110.0|-112.0|-108.0|cfb
D|401858487|-2.5|40.5|-148|124|-118.0|-102.0|-118.0|-102.0|cfb
D|401860922|-5.5|43.5|-205|170|-110.0|-110.0|-115.0|-105.0|cfb
D|401864519|-4.5|42.5|-192|160|-108.0|-112.0|-112.0|-108.0|cfb
D|401856826|-10.5|46.5|-425|330|-108.0|-112.0|-110.0|-110.0|cfb
D|401858481|7.5|47.5|245|-305|-115.0|-105.0|-115.0|-105.0|cfb
D|401856716|-3.5|48.5|-175|145|-105.0|-115.0|-110.0|-110.0|cfb
D|401856824|-10.5|53.5|-455|350|-112.0|-108.0|-112.0|-108.0|cfb
D|401858256|-3.5|47.5|-185|154|-112.0|-108.0|-102.0|-118.0|cfb
D|401856823|3.0|61.5|136|-162|-108.0|-112.0|-105.0|-115.0|cfb
D|401858260|3.5|58.5|145|-175|-115.0|-105.0|-110.0|-110.0|cfb
D|401862795|-3.5|48.5|-166|140|-102.0|-118.0|-105.0|-115.0|cfb
D|401866436|-8.5|43.5|-310|250|-105.0|-115.0|-118.0|-102.0|cfb
D|401858482|-35.5|52.5|||-112.0|-108.0|-110.0|-110.0|cfb
D|401856714|-11.5|58.5|-470|360|-108.0|-112.0|-115.0|-105.0|cfb
D|401869843|-9.5|47.5|-375|295|-115.0|-105.0|-112.0|-108.0|cfb
D|401866440|3.5|45.5|142|-170|-110.0|-110.0|-112.0|-108.0|cfb
D|401856717|7.5|39.5|260|-325|-110.0|-110.0|-105.0|-115.0|cfb
D|401858257|-38.5|54.5|||-115.0|-105.0|-110.0|-110.0|cfb
D|401856718|9.5|54.5|280|-355|-112.0|-108.0|-108.0|-112.0|cfb
D|401858484|-11.5|59.5|-455|350|-110.0|-110.0|-108.0|-112.0|cfb
D|401856825|-2.5|55.5|-142|120|-115.0|-105.0|-102.0|-118.0|cfb
D|401858255|6.5|43.5|200|-245|-105.0|-115.0|-112.0|-108.0|cfb
D|401858259|10.0|53.5|295|-375|-110.0|-110.0|-108.0|-112.0|cfb
D|401858480|2.5|47.5|120|-142|100.0|-120.0|-115.0|-105.0|cfb
D|401862796|-28.5|57.5|-4500|1700|-112.0|-108.0|-115.0|-105.0|cfb
D|401862799|-1.5|48.5|-125|105|-115.0|-105.0|-108.0|-112.0|cfb
D|401866435|6.5|51.5|210|-258|-108.0|-112.0|-118.0|-102.0|cfb
D|401866437|-20.5|55.5|-1600|900|-115.0|-105.0|-110.0|-110.0|cfb
D|401866438|-3.0|46.5|-148|124|-108.0|-112.0|-108.0|-112.0|cfb
D|401866439|-14.0|43.5|-575|425|-108.0|-112.0|-110.0|-110.0|cfb
D|401861964|-3.5|54.5|-180|150|-112.0|-108.0|-115.0|-105.0|cfb
D|401862797|-10.0|46.5|-380|300|-108.0|-112.0|-115.0|-105.0|cfb
D|401858483|-32.5|56.5|||-110.0|-110.0|-110.0|-110.0|cfb
D|401856713|13.5|51.5|410|-550|-110.0|-110.0|-108.0|-112.0|cfb
D|401860902|-15.5|53.5|-750|525|-108.0|-112.0|-110.0|-110.0|cfb
D|401856715|9.5|50.5|275|-345|-112.0|-108.0|-118.0|-102.0|cfb
D|401862798|-14.0|53.5|-600|440|-112.0|-108.0|-110.0|-110.0|cfb
D|401864517|10.0|49.5|295|-375|-112.0|-108.0|-105.0|-115.0|cfb
D|401864518|3.0|47.5|130|-155|-110.0|-110.0|-115.0|-105.0|cfb
D|401869943|-4.0|58.5|-180|150|-108.0|-112.0|-115.0|-105.0|cfb
D|401856712|-1.5|51.5|-122|102|-112.0|-108.0|-105.0|-115.0|cfb
D|401858485|-1.5|54.5|-122|102|-112.0|-108.0|-112.0|-108.0|cfb
D|401858258|-10.0|50.5|-375|295|-108.0|-112.0|-108.0|-112.0|cfb
D|401864516|7.0|46.5|250|-310|-105.0|-115.0|-115.0|-105.0|cfb
D|401869949|7.5|51.5|260|-325|-112.0|-108.0|-110.0|-110.0|cfb
D|401869965|-3.0|48.5|-148|124|-108.0|-112.0|-102.0|-118.0|cfb
D|401858486|2.5|49.5|110|-130|-110.0|-110.0|-112.0|-108.0|cfb
D|401856808|-20.5|50.5|-1600|900|-115.0|-105.0|-110.0|-110.0|cfb
D|401856827|-15.5|51.5|-750|525|-110.0|-110.0|-105.0|-115.0|cfb
D|401860901|6.5|48.5|205|-250|-102.0|-118.0|-110.0|-110.0|cfb
D|401918297|-2.5|170.5|-130|110|-105.0|-115.0|-110.0|-110.0|wnba
D|401918298|-1.5|157.5|-130|110|-115.0|-105.0|-105.0|-115.0|wnba
D|401918299|-3.5|170.5|-155|130|-105.0|-115.0|-108.0|-112.0|wnba
D|401918300|-3.5|156.5|-180|150|-118.0|-102.0|-115.0|-105.0|wnba
D|401891830|-1.5|6.5|-155|130|154.0|-185.0|-112.0|-108.0|nhl
D|401892455|1.5|6.5|164|-198|-148.0|124.0|-108.0|-112.0|nhl
D|401892456|1.5|6.5|114|-135|-218.0|180.0|-148.0|124.0|nhl
D|401891820|-1.5|5.5|-180|150|154.0|-185.0|-115.0|-105.0|nhl
D|401892457|1.5|6.5|120|-142|-230.0|190.0|114.0|-135.0|nhl
D|401892458|1.5|6.5|102|-122|-245.0|200.0|110.0|-130.0|nhl
D|401892459|-1.5|6.5|-166|140|150.0|-180.0|105.0|-125.0|nhl
D|401892460|-1.5|6.5|-142|120|170.0|-205.0|110.0|-130.0|nhl
D|401892461|-1.5|6.5|-380|300|-148.0|124.0|-102.0|-118.0|nhl
D|401892462|-1.5|5.5|-185|154|140.0|-166.0|-125.0|105.0|nhl
D|401891825|-1.5|5.5|-162|136|160.0|-192.0|-125.0|105.0|nhl
D|401892463|1.5|6.5|195|-238|-125.0|105.0|105.0|-125.0|nhl
D|401892464|-1.5|6.5|-170|142|150.0|-180.0|-125.0|105.0|nhl
D|401892465|-1.5|6.5|-142|120|170.0|-205.0|110.0|-130.0|nhl
D|401892466|-1.5|5.5|-148|124|180.0|-218.0|-125.0|105.0|nhl
D|401892467|-1.5|6.5|-118|-102|205.0|-250.0|-115.0|-105.0|nhl
D|401892468|-1.5|6.5|-125|105|205.0|-250.0|-102.0|-118.0|nhl
D|401892469|-1.5|5.5|-130|110|195.0|-238.0|-120.0|100.0|nhl
D|401892470|-1.5|6.5|-278|225|-110.0|-110.0|100.0|-120.0|nhl
D|401892471|1.5|6.5|130|-155|-192.0|160.0|-112.0|-108.0|nhl
D|401891805|-1.5|6.5|-135|114|180.0|-218.0|110.0|-130.0|nhl
D|401892472|-1.5|6.5|-112|-108|200.0|-245.0|105.0|-125.0|nhl
D|401892473|-1.5|6.5|-218|180|114.0|-135.0|-105.0|-115.0|nhl
D|401892474|-1.5|5.5|-162|136|150.0|-180.0|-130.0|110.0|nhl
D|401892475|1.5|6.5|130|-155|-185.0|154.0|-105.0|-115.0|nhl
D|401892476|1.5|5.5|190|-230|-125.0|105.0|-130.0|110.0|nhl
D|401892477|-1.5|5.5|-125|105|185.0|-225.0|-125.0|105.0|nhl
D|401892478|-1.5|6.5|-205|170|124.0|-148.0|-110.0|-110.0|nhl
D|401892479|1.5|5.5|136|-162|-192.0|160.0|-122.0|102.0|nhl
D|401892480|1.5|6.5|105|-125|-230.0|190.0|102.0|-122.0|nhl
D|401892481|-1.5|5.5|-162|136|164.0|-198.0|-130.0|110.0|nhl
