# D|espnEventId|homeSpread|overUnder|homeML|awayML|homeSpreadOdds|awaySpreadOdds|overOdds|underOdds|league  (ESPN core odds provider 100 = DraftKings; pulled 2026-10-10)
D|401872980|-8.5|49.5|-500|380|-118.0|-102.0|-110.0|-110.0|nfl
D|401872981|-7.5|41.5|-395|310|-108.0|-112.0|-112.0|-108.0|nfl
D|401872990|1.5|45.5|105|-125|-105.0|-115.0|-118.0|-102.0|nfl
D|401872984|7.0|38.5|285|-360|-108.0|-112.0|-105.0|-115.0|nfl
D|401872982|7.0|43.5|280|-355|-110.0|-110.0|-112.0|-108.0|nfl
D|401872986|-3.5|45.5|-198|164|-110.0|-110.0|-105.0|-115.0|nfl
D|401872987|2.5|41.5|120|-142|-110.0|-110.0|-112.0|-108.0|nfl
D|401872983|-2.5|39.5|-135|114|-110.0|-110.0|-112.0|-108.0|nfl
D|401872985|-3.0|43.5|-148|124|-102.0|-118.0|-110.0|-110.0|nfl
D|401872988|-3.5|41.5|-170|142|-110.0|-110.0|-115.0|-105.0|nfl
D|401872989|3.5|41.5|160|-192|-112.0|-108.0|-115.0|-105.0|nfl
D|401872991|5.5|54.5|205|-250|-110.0|-110.0|-115.0|-105.0|nfl
D|401872992|-3.0|45.5|-162|136|-110.0|-110.0|-115.0|-105.0|nfl
D|401872993|-3.5|43.5|-180|150|-102.0|-118.0|-115.0|-105.0|nfl
D|401872994|-3.0|54.5|-175|145|-120.0|100.0|-118.0|-102.0|nfl
D|401871051|3.0|48.5|124|-148|-115.0|-105.0|-115.0|-105.0|cfb
D|401871066|-7.0|46.5|-265|215|-108.0|-112.0|-115.0|-105.0|cfb
D|401870766|-13.5|52.5|-575|425|-110.0|-110.0|-108.0|-112.0|cfb
D|401871052|1.5|56.5|-102|-118|-112.0|-108.0|-108.0|-112.0|cfb
D|401862794|-5.5|49.5|-230|190|-110.0|-110.0|-112.0|-108.0|cfb
D|401869933|-3.0|60.5|-162|136|-115.0|-105.0|-108.0|-112.0|cfb
D|401858254|-4.0|60.5|-192|160|-112.0|-108.0|-112.0|-108.0|cfb
D|401858487|-3.0|41.5|-155|130|-108.0|-112.0|-102.0|-118.0|cfb
D|401860922|-4.0|44.5|-185|154|-112.0|-108.0|-105.0|-115.0|cfb
D|401864519|-4.5|42.5|-192|160|-110.0|-110.0|-112.0|-108.0|cfb
D|401856826|-11.5|46.5|-470|360|-108.0|-112.0|-108.0|-112.0|cfb
D|401858481|7.5|48.5|260|-325|-105.0|-115.0|-105.0|-115.0|cfb
D|401856716|-3.5|49.5|-180|150|-110.0|-110.0|-110.0|-110.0|cfb
D|401856824|-10.5|53.5|-455|350|-112.0|-108.0|-112.0|-108.0|cfb
D|401858256|-3.5|47.5|-185|154|-112.0|-108.0|-102.0|-118.0|cfb
D|401856823|3.5|60.5|145|-175|-112.0|-108.0|-115.0|-105.0|cfb
D|401858260|3.5|57.5|140|-166|-120.0|100.0|-115.0|-105.0|cfb
D|401862795|-3.5|48.5|-166|140|-108.0|-112.0|-105.0|-115.0|cfb
D|401866436|-8.5|43.5|-325|260|-108.0|-112.0|-115.0|-105.0|cfb
D|401858482|-35.5|53.5|||-112.0|-108.0|-112.0|-108.0|cfb
D|401856714|-11.5|58.5|-470|360|-105.0|-115.0|-115.0|-105.0|cfb
D|401869843|-10.0|47.5|-375|295|-108.0|-112.0|-108.0|-112.0|cfb
D|401866440|4.5|44.5|164|-198|-108.0|-112.0|-110.0|-110.0|cfb
D|401856717|7.5|39.5|250|-310|-115.0|-105.0|-105.0|-115.0|cfb
D|401858257|-39.5|54.5|||-112.0|-108.0|-110.0|-110.0|cfb
D|401856718|9.5|54.5|280|-355|-108.0|-112.0|-108.0|-112.0|cfb
D|401858484|-10.5|58.5|-410|320|-108.0|-112.0|-105.0|-115.0|cfb
D|401856825|-2.5|55.5|-135|114|-110.0|-110.0|-102.0|-118.0|cfb
D|401858255|6.5|44.5|200|-245|-105.0|-115.0|-105.0|-115.0|cfb
D|401858259|10.0|53.5|295|-375|-110.0|-110.0|-108.0|-112.0|cfb
D|401858480|2.5|48.5|114|-135|100.0|-120.0|-110.0|-110.0|cfb
D|401862796|-28.5|58.5|-4500|1700|-112.0|-108.0|-105.0|-115.0|cfb
D|401862799|-1.5|48.5|-122|102|-115.0|-105.0|-108.0|-112.0|cfb
D|401866435|5.5|51.5|180|-218|-110.0|-110.0|-115.0|-105.0|cfb
D|401866437|-18.5|55.5|-1100|700|-112.0|-108.0|-105.0|-115.0|cfb
D|401866438|-1.5|46.5|-130|110|-115.0|-105.0|-108.0|-112.0|cfb
D|401866439|-14.0|43.5|-600|440|-108.0|-112.0|-110.0|-110.0|cfb
D|401861964|-3.5|54.5|-180|150|-112.0|-108.0|-115.0|-105.0|cfb
D|401862797|-10.0|46.5|-380|300|-110.0|-110.0|-110.0|-110.0|cfb
D|401858483|-33.5|56.5|||-108.0|-112.0|-110.0|-110.0|cfb
D|401856713|13.5|51.5|410|-550|-105.0|-115.0|-105.0|-115.0|cfb
D|401860902|-16.5|52.5|-750|525|-108.0|-112.0|-110.0|-110.0|cfb
D|401856715|8.5|50.5|275|-345|-108.0|-112.0|-115.0|-105.0|cfb
D|401862798|-14.5|53.5|-625|455|-108.0|-112.0|-115.0|-105.0|cfb
D|401864517|9.5|49.5|295|-375|-105.0|-115.0|-105.0|-115.0|cfb
D|401864518|2.5|47.5|114|-135|-108.0|-112.0|-115.0|-105.0|cfb
D|401869943|-4.0|58.5|-185|154|-112.0|-108.0|-108.0|-112.0|cfb
D|401856712|-1.5|51.5|-122|102|-112.0|-108.0|-108.0|-112.0|cfb
D|401858485|-1.5|54.5|-122|102|-112.0|-108.0|-112.0|-108.0|cfb
D|401858258|-11.5|49.5|-440|340|-110.0|-110.0|-110.0|-110.0|cfb
D|401864516|7.0|46.5|250|-310|-105.0|-115.0|-115.0|-105.0|cfb
D|401869949|7.5|51.5|250|-310|-115.0|-105.0|-110.0|-110.0|cfb
D|401869965|-3.0|48.5|-155|130|-115.0|-105.0|-102.0|-118.0|cfb
D|401858486|2.5|50.5|120|-142|-105.0|-115.0|-108.0|-112.0|cfb
D|401856808|-21.0|50.5|-1600|900|-108.0|-112.0|-115.0|-105.0|cfb
D|401856827|-15.5|51.5|-700|500|-110.0|-110.0|-105.0|-115.0|cfb
D|401860901|7.0|48.5|210|-258|-110.0|-110.0|-110.0|-110.0|cfb
D|401871067|1.5|48.5|-102|-118|-110.0|-110.0|-110.0|-110.0|cfb
D|401871053|-3.0|45.5|-148|124|-115.0|-105.0|-110.0|-110.0|cfb
D|401918297|-2.5|170.5|-130|110|-105.0|-115.0|-110.0|-110.0|wnba
D|401918298|-1.5|157.5|-130|110|-115.0|-105.0|-105.0|-115.0|wnba
D|401918299|-3.5|169.5|-162|136|-108.0|-112.0|-110.0|-110.0|wnba
D|401918300|-4.5|156.5|-185|154|-108.0|-112.0|-110.0|-110.0|wnba
D|401891830|-1.5|6.5|-155|130|154.0|-185.0|-112.0|-108.0|nhl
D|401892455|1.5|6.5|164|-198|-148.0|124.0|-108.0|-112.0|nhl
D|401892456|1.5|6.5|114|-135|-218.0|180.0|-148.0|124.0|nhl
D|401891820|-1.5|5.5|-180|150|154.0|-185.0|-115.0|-105.0|nhl
D|401892457|1.5|6.5|120|-142|-230.0|190.0|114.0|-135.0|nhl
D|401892458|1.5|6.5|102|-122|-245.0|200.0|110.0|-130.0|nhl
D|401892459|-1.5|6.5|-166|140|150.0|-180.0|105.0|-125.0|nhl
D|401892460|-1.5|6.5|-142|120|170.0|-205.0|110.0|-130.0|nhl
D|401892461|-1.5|6.5|-380|300|-148.0|124.0|-102.0|-118.0|nhl
D|401892462|-1.5|5.5|-185|154|140.0|-166.0|-125.0|105.0|nhl
D|401891825|-1.5|5.5|-162|136|160.0|-192.0|-125.0|105.0|nhl
D|401892463|1.5|6.5|195|-238|-125.0|105.0|105.0|-125.0|nhl
D|401892464|-1.5|6.5|-170|142|150.0|-180.0|-125.0|105.0|nhl
D|401892465|-1.5|5.5|-155|130|170.0|-205.0|-135.0|114.0|nhl
D|401892466|-1.5|5.5|-142|120|180.0|-218.0|-118.0|-102.0|nhl
D|401892467|-1.5|6.5|-112|-108|205.0|-250.0|-130.0|110.0|nhl
D|401892468|-1.5|6.5|-120|100|205.0|-250.0|-102.0|-118.0|nhl
D|401892469|-1.5|5.5|-135|114|195.0|-238.0|-120.0|100.0|nhl
D|401892470|-1.5|6.5|-285|230|-108.0|-112.0|-102.0|-118.0|nhl
D|401892471|1.5|6.5|130|-155|-192.0|160.0|-112.0|-108.0|nhl
D|401891805|-1.5|5.5|-135|114|190.0|-230.0|-125.0|105.0|nhl
D|401892472|1.5|6.5|-112|-108|-290.0|235.0|102.0|-122.0|nhl
D|401892473|-1.5|6.5|-205|170|114.0|-135.0|102.0|-122.0|nhl
D|401892474|-1.5|5.5|-162|136|160.0|-192.0|-130.0|110.0|nhl
D|401892475|1.5|6.5|130|-155|-192.0|160.0|105.0|-125.0|nhl
D|401892476|1.5|6.5|200|-245|-125.0|105.0|120.0|-142.0|nhl
D|401892477|-1.5|5.5|-125|105|195.0|-238.0|-135.0|114.0|nhl
D|401892478|-1.5|6.5|-205|170|120.0|-142.0|-110.0|-110.0|nhl
D|401892479|1.5|5.5|142|-170|-192.0|160.0|-118.0|-102.0|nhl
D|401892480|1.5|6.5|105|-125|-238.0|195.0|-102.0|-118.0|nhl
D|401892481|-1.5|6.5|-162|136|164.0|-198.0|114.0|-135.0|nhl
